0.00  -15.00
0.10  -15.00
0.20  -14.93
0.30  -14.93
0.40  -15.58
0.50  -15.58
0.60  -15.51
0.70  -15.51
0.80  -15.58
0.90  -15.58
1.00  -15.51
1.10  -15.51
1.20  -15.44
1.30  -15.44
1.40  -15.44
1.50  -15.44
1.60  -15.51
1.70  -15.51
1.80  -15.44
1.90  -15.44
2.00  -15.44
2.10  -15.44
2.20  -15.51
2.30  -15.51
2.40  -15.44
2.50  -15.44
2.60  -15.44
2.70  -15.44
2.80  -15.44
2.90  -15.44
3.00  -15.51
3.10  -15.51
3.20  -15.51
3.30  -15.51
3.40  -15.51
3.50  -15.51
3.60  -15.51
3.70  -15.51
3.80  -15.51
3.90  -15.51
4.00  -15.51
4.10  -15.51
4.20  -15.51
4.30  -15.51
4.40  -15.51
4.50  -15.51
4.60  -15.51
4.70  -15.51
4.80  -15.51
4.90  -15.51
5.00  -15.51
5.10  -15.51
5.20  -15.51
5.30  -15.51
5.40  -15.51
5.50  -15.51
5.60  -15.44
5.70  -15.44
5.80  -15.44
5.90  -15.44
6.00  -15.36
6.10  -15.36
6.20  -15.36
6.30  -15.36
6.40  -15.36
6.50  -15.36
6.60  -15.29
6.70  -15.29
6.80  -15.29
6.90  -15.29
7.00  -15.15
7.10  -15.15
7.20  -14.13
7.30  -14.13
7.40  -11.95
7.50  -11.95
7.60  -8.68
7.70  -8.68
7.80  -3.96
7.90  -3.96
8.00  2.07
8.10  2.07
8.20  8.83
8.30  8.83
8.40  14.13
8.50  14.13
8.60  11.88
8.70  11.88
8.80  10.50
8.90  10.50
9.00  8.75
9.10  8.75
9.20  6.14
9.30  6.14
9.40  3.60
9.50  3.60
9.60  1.27
9.70  1.27
9.80  -0.54
9.90  -0.54
10.00  -1.49
10.10  -1.49
10.20  -1.42
10.30  -1.42
10.40  -1.20
10.50  -1.20
10.60  -0.76
10.70  -0.76
10.80  0.04
10.90  0.04
11.00  0.91
11.10  0.91
11.20  2.14
11.30  2.14
11.40  3.31
11.50  3.31
11.60  4.25
11.70  4.25
11.80  4.83
11.90  4.83
12.00  4.98
12.10  4.98
12.20  4.98
12.30  4.98
12.40  4.90
12.50  4.90
12.60  4.98
12.70  4.98
12.80  4.98
12.90  4.98
13.00  4.98
13.10  4.98
13.20  4.98
13.30  4.98
13.40  4.98
13.50  4.98
13.60  4.98
13.70  4.98
13.80  4.90
13.90  4.90
14.00  4.90
14.10  4.90
14.20  4.83
14.30  4.83
14.40  4.76
14.50  4.76
14.60  4.69
14.70  4.69
14.80  4.39
14.90  4.39
15.00  4.03
15.10  4.03
15.20  3.45
15.30  3.45
15.40  2.94
15.50  2.94
15.60  2.07
15.70  2.07
15.80  1.42
15.90  1.42
16.00  0.40
16.10  0.40
16.20  -0.04
16.30  -0.04
16.40  -0.18
16.50  -0.18
16.60  -0.18
16.70  -0.18
16.80  -0.18
16.90  -0.18
17.00  -0.18
17.10  -0.18
17.20  -0.18
17.30  -0.18
17.40  -0.18
17.50  -0.18
17.60  -0.18
17.70  -0.18
17.80  -0.18
17.90  -0.18
18.00  -0.18
18.10  -0.18
18.20  -0.18
18.30  -0.18
18.40  -0.11
18.50  -0.11
18.60  -0.18
18.70  -0.18
18.80  -0.18
18.90  -0.18
19.00  -0.18
19.10  -0.18
19.20  -0.11
19.30  -0.11
19.40  -0.18
19.50  -0.18
19.60  -0.04
19.70  -0.04
19.80  -0.11
19.90  -0.11
20.00  0.18
20.10  0.18
20.20  0.25
20.30  0.25
20.40  0.47
20.50  0.47
20.60  0.84
20.70  0.84
20.80  1.34
20.90  1.34
21.00  1.56
21.10  1.56
21.20  2.00
21.30  2.00
21.40  2.14
21.50  2.14
21.60  2.14
21.70  2.14
21.80  2.14
21.90  2.14
22.00  2.14
22.10  2.14
22.20  2.14
22.30  2.14
22.40  2.14
22.50  2.14
22.60  2.14
22.70  2.14
22.80  2.14
22.90  2.14
23.00  2.07
23.10  2.07
23.20  2.07
23.30  2.07
23.40  2.14
23.50  2.14
23.60  2.14
23.70  2.14
23.80  2.14
23.90  2.14
24.00  2.07
24.10  2.07
24.20  2.14
24.30  2.14
24.40  2.14
24.50  2.14
24.60  2.14
24.70  2.14
24.80  2.14
24.90  2.14
25.00  2.07
25.10  2.07
25.20  2.14
25.30  2.14
25.40  2.14
25.50  2.14
25.60  2.14
25.70  2.14
25.80  2.14
25.90  2.14
26.00  2.07
26.10  2.07
26.20  2.07
26.30  2.07
26.40  2.14
26.50  2.14
26.60  2.14
26.70  2.14
26.80  2.14
26.90  2.14
27.00  2.14
27.10  2.14
27.20  2.14
27.30  2.14
27.40  2.14
27.50  2.14
27.60  2.14
27.70  2.14
27.80  2.14
27.90  2.14
28.00  2.14
28.10  2.14
28.20  2.07
28.30  2.07
28.40  2.14
28.50  2.14
28.60  2.07
28.70  2.07
28.80  2.14
28.90  2.14
29.00  2.14
29.10  2.14
29.20  2.14
29.30  2.14
29.40  2.14
29.50  2.14
29.60  2.14
29.70  2.14
29.80  2.14
29.90  2.14
30.00  2.14
30.10  2.14
30.20  2.14
30.30  2.14
30.40  2.14
30.50  2.14
30.60  2.14
30.70  2.14
30.80  2.14
30.90  2.14
31.00  2.14
31.10  2.14
31.20  2.14
31.30  2.14
31.40  2.14
31.50  2.14
31.60  2.07
31.70  2.07
31.80  2.14
31.90  2.14
32.00  2.07
32.10  2.07
32.20  2.14
32.30  2.14
32.40  2.07
32.50  2.07
32.60  2.07
32.70  2.07
32.80  2.07
32.90  2.07
33.00  2.00
33.10  2.00
33.20  2.00
33.30  2.00
33.40  1.92
33.50  1.92
33.60  1.85
33.70  1.85
33.80  1.56
33.90  1.56
34.00  1.42
34.10  1.42
34.20  1.20
34.30  1.20
34.40  0.91
34.50  0.91
34.60  0.54
34.70  0.54
34.80  0.33
34.90  0.33
35.00  0.25
35.10  0.25
35.20  0.18
35.30  0.18
35.40  0.18
35.50  0.18
35.60  0.18
35.70  0.18
35.80  0.25
35.90  0.25
36.00  0.18
36.10  0.18
36.20  0.25
36.30  0.25
36.40  0.18
36.50  0.18
36.60  0.18
36.70  0.18
36.80  0.25
36.90  0.25
37.00  0.18
37.10  0.18
37.20  0.25
37.30  0.25
37.40  0.33
37.50  0.33
37.60  0.18
37.70  0.18
37.80  0.18
37.90  0.18
38.00  0.18
38.10  0.18
38.20  0.18
38.30  0.18
38.40  0.18
38.50  0.18
38.60  0.25
38.70  0.25
38.80  0.25
38.90  0.25
39.00  0.18
39.10  0.18
39.20  0.25
39.30  0.25
39.40  0.25
39.50  0.25
39.60  0.18
39.70  0.18
39.80  0.18
39.90  0.18
40.00  0.18
40.10  0.18
40.20  0.18
40.30  0.18
40.40  0.25
40.50  0.25
40.60  0.18
40.70  0.18
40.80  0.25
40.90  0.25
41.00  0.18
41.10  0.18
41.20  0.25
41.30  0.25
41.40  0.25
41.50  0.25
41.60  0.25
41.70  0.25
41.80  0.25
41.90  0.25
42.00  0.18
42.10  0.18
42.20  0.25
42.30  0.25
42.40  0.25
42.50  0.25
42.60  0.18
42.70  0.18
42.80  0.18
42.90  0.18
43.00  0.25
43.10  0.25
43.20  0.18
43.30  0.18
43.40  0.18
43.50  0.18
43.60  0.18
43.70  0.18
43.80  0.18
43.90  0.18
44.00  0.25
44.10  0.25
44.20  0.18
44.30  0.18
44.40  0.25
44.50  0.25
44.60  0.18
44.70  0.18
44.80  0.18
44.90  0.18
45.00  0.18
45.10  0.18
45.20  0.18
45.30  0.18
45.40  0.18
45.50  0.18
45.60  0.25
45.70  0.25
45.80  0.18
45.90  0.18
46.00  0.18
46.10  0.18
46.20  0.25
46.30  0.25
46.40  0.25
46.50  0.25
46.60  0.18
46.70  0.18
46.80  0.18
46.90  0.18
47.00  0.25
47.10  0.25
47.20  0.18
47.30  0.18
47.40  0.18
47.50  0.18
47.60  0.18
47.70  0.18
47.80  0.18
47.90  0.18
48.00  0.25
48.10  0.25
48.20  0.18
48.30  0.18
48.40  0.25
48.50  0.25
48.60  0.25
48.70  0.25
48.80  0.18
48.90  0.18
49.00  0.25
49.10  0.25
49.20  0.25
49.30  0.25
49.40  0.25
49.50  0.25
49.60  0.25
49.70  0.25
49.80  0.25
49.90  0.25
50.00  0.25
50.10  0.25
50.20  0.18
50.30  0.18
50.40  0.25
50.50  0.25
50.60  0.18
50.70  0.18
50.80  0.25
50.90  0.25
51.00  0.25
51.10  0.25
51.20  0.25
51.30  0.25
51.40  0.25
51.50  0.25
51.60  0.25
51.70  0.25
51.80  0.25
51.90  0.25
52.00  0.25
52.10  0.25
52.20  0.25
52.30  0.25
52.40  0.25
52.50  0.25
52.60  0.25
52.70  0.25
52.80  0.25
52.90  0.25
53.00  0.25
53.10  0.25
53.20  0.25
53.30  0.25
53.40  0.33
53.50  0.33
53.60  0.33
53.70  0.33
53.80  0.33
53.90  0.33
54.00  0.33
54.10  0.33
54.20  0.40
54.30  0.40
54.40  0.40
54.50  0.40
54.60  0.40
54.70  0.40
54.80  0.40
54.90  0.40
55.00  0.40
55.10  0.40
55.20  0.47
55.30  0.47
55.40  0.47
55.50  0.47
55.60  0.54
55.70  0.54
55.80  0.54
55.90  0.54
56.00  0.54
56.10  0.54
56.20  0.54
56.30  0.54
56.40  0.62
56.50  0.62
56.60  0.62
56.70  0.62
56.80  0.54
56.90  0.54
57.00  0.62
57.10  0.62
57.20  0.54
57.30  0.54
57.40  0.54
57.50  0.54
57.60  0.62
57.70  0.62
57.80  0.62
57.90  0.62
58.00  0.62
58.10  0.62
58.20  0.62
58.30  0.62
58.40  0.62
58.50  0.62
58.60  0.62
58.70  0.62
58.80  0.62
58.90  0.62
59.00  0.69
59.10  0.69
59.20  0.62
59.30  0.62
59.40  0.62
59.50  0.62
59.60  0.62
59.70  0.62
59.80  0.62
59.90  0.62
60.00  0.62
60.10  0.62
60.20  0.62
60.30  0.62
60.40  0.54
60.50  0.54
60.60  0.62
60.70  0.62
60.80  0.62
60.90  0.62
61.00  0.54
61.10  0.54
61.20  0.62
61.30  0.62
61.40  0.62
61.50  0.62
61.60  0.62
61.70  0.62
61.80  0.62
61.90  0.62
62.00  0.69
62.10  0.69
62.20  0.62
62.30  0.62
62.40  0.62
62.50  0.62
62.60  0.69
62.70  0.69
62.80  0.54
62.90  0.54
63.00  0.62
63.10  0.62
63.20  0.54
63.30  0.54
63.40  0.62
63.50  0.62
63.60  0.76
63.70  0.76
63.80  0.62
63.90  0.62
64.00  0.62
64.10  0.62
64.20  0.62
64.30  0.62
64.40  0.62
64.50  0.62
64.60  0.54
64.70  0.54
64.80  0.62
64.90  0.62
65.00  0.62
65.10  0.62
65.20  0.62
65.30  0.62
65.40  0.62
65.50  0.62
65.60  0.62
65.70  0.62
65.80  0.62
65.90  0.62
66.00  0.62
66.10  0.62
66.20  0.62
66.30  0.62
66.40  0.62
66.50  0.62
66.60  0.62
66.70  0.62
66.80  0.62
66.90  0.62
67.00  0.62
67.10  0.62
67.20  0.62
67.30  0.62
67.40  0.62
67.50  0.62
67.60  0.62
67.70  0.62
67.80  0.62
67.90  0.62
68.00  0.62
68.10  0.62
68.20  0.62
68.30  0.62
68.40  0.62
68.50  0.62
68.60  0.62
68.70  0.62
68.80  0.62
68.90  0.62
69.00  0.62
69.10  0.62
69.20  0.62
69.30  0.62
69.40  0.62
69.50  0.62
69.60  0.62
69.70  0.62
69.80  0.62
69.90  0.62
70.00  0.62
70.10  0.62
70.20  0.62
70.30  0.62
70.40  0.62
70.50  0.62
70.60  0.62
70.70  0.62
70.80  0.62
70.90  0.62
71.00  0.62
71.10  0.62
71.20  0.62
71.30  0.62
71.40  0.62
71.50  0.62
71.60  0.62
71.70  0.62
71.80  0.62
71.90  0.62
72.00  0.62
72.10  0.62
72.20  0.62
72.30  0.62
72.40  0.62
72.50  0.62
72.60  0.62
72.70  0.62
72.80  0.62
72.90  0.62
73.00  0.62
73.10  0.62
73.20  0.62
73.30  0.62
73.40  0.62
73.50  0.62
73.60  0.62
73.70  0.62
73.80  0.62
73.90  0.62
74.00  0.54
74.10  0.54
74.20  0.54
74.30  0.54
74.40  0.62
74.50  0.62
74.60  0.62
74.70  0.62
74.80  0.62
74.90  0.62
75.00  0.62
75.10  0.62
75.20  0.62
75.30  0.62
75.40  0.69
75.50  0.69
75.60  0.62
75.70  0.62
75.80  0.62
75.90  0.62
76.00  0.54
76.10  0.54
76.20  0.62
76.30  0.62
76.40  0.62
76.50  0.62
76.60  0.62
76.70  0.62
76.80  0.54
76.90  0.54
77.00  0.62
77.10  0.62
77.20  0.62
77.30  0.62
77.40  0.62
77.50  0.62
77.60  0.62
77.70  0.62
77.80  0.54
77.90  0.54
78.00  0.54
78.10  0.54
78.20  0.62
78.30  0.62
78.40  0.62
78.50  0.62
78.60  0.62
78.70  0.62
78.80  0.54
78.90  0.54
79.00  0.54
79.10  0.54
79.20  0.54
79.30  0.54
79.40  0.62
79.50  0.62
79.60  0.54
79.70  0.54
79.80  0.54
79.90  0.54
80.00  0.47
80.10  0.47
80.20  0.47
80.30  0.47
80.40  0.47
80.50  0.47
80.60  0.40
80.70  0.40
80.80  0.40
80.90  0.40
81.00  0.40
81.10  0.40
81.20  0.33
81.30  0.33
81.40  0.18
81.50  0.18
81.60  0.18
81.70  0.18
81.80  -0.04
81.90  -0.04
82.00  -0.11
82.10  -0.11
82.20  -0.25
82.30  -0.25
82.40  -0.33
82.50  -0.33
82.60  -0.40
82.70  -0.40
82.80  -0.47
82.90  -0.47
83.00  -0.47
83.10  -0.47
83.20  -0.40
83.30  -0.40
83.40  -0.47
83.50  -0.47
83.60  -0.47
83.70  -0.47
83.80  -0.40
83.90  -0.40
84.00  -0.47
84.10  -0.47
84.20  -0.47
84.30  -0.47
84.40  -0.47
84.50  -0.47
84.60  -0.40
84.70  -0.40
84.80  -0.40
84.90  -0.40
85.00  -0.47
85.10  -0.47
85.20  -0.47
85.30  -0.47
85.40  -0.47
85.50  -0.47
85.60  -0.40
85.70  -0.40
85.80  -0.40
85.90  -0.40
86.00  -0.47
86.10  -0.47
86.20  -0.47
86.30  -0.47
86.40  -0.47
86.50  -0.47
86.60  -0.47
86.70  -0.47
86.80  -0.40
86.90  -0.40
87.00  -0.47
87.10  -0.47
87.20  -0.40
87.30  -0.40
87.40  -0.47
87.50  -0.47
87.60  -0.47
87.70  -0.47
87.80  -0.47
87.90  -0.47
88.00  -0.47
88.10  -0.47
88.20  -0.40
88.30  -0.40
88.40  -0.40
88.50  -0.40
88.60  -0.47
88.70  -0.47
88.80  -0.40
88.90  -0.40
89.00  -0.47
89.10  -0.47
89.20  -0.47
89.30  -0.47
89.40  -0.47
89.50  -0.47
89.60  -0.47
89.70  -0.47
89.80  -0.40
89.90  -0.40
90.00  -0.40
90.10  -0.40
90.20  -0.47
90.30  -0.47
90.40  -0.47
90.50  -0.47
90.60  -0.47
90.70  -0.47
90.80  -0.47
90.90  -0.47
91.00  -0.47
91.10  -0.47
91.20  -0.47
91.30  -0.47
91.40  -0.40
91.50  -0.40
91.60  -0.47
91.70  -0.47
91.80  -0.47
91.90  -0.47
92.00  -0.40
92.10  -0.40
92.20  -0.47
92.30  -0.47
92.40  -0.47
92.50  -0.47
92.60  -0.40
92.70  -0.40
92.80  -0.47
92.90  -0.47
93.00  -0.40
93.10  -0.40
93.20  -0.40
93.30  -0.40
93.40  -0.47
93.50  -0.47
93.60  -0.40
93.70  -0.40
93.80  -0.40
93.90  -0.40
94.00  -0.47
94.10  -0.47
94.20  -0.40
94.30  -0.40
94.40  -0.47
94.50  -0.47
94.60  -0.47
94.70  -0.47
94.80  -0.40
94.90  -0.40
95.00  -0.47
95.10  -0.47
95.20  -0.40
95.30  -0.40
95.40  -0.47
95.50  -0.47
95.60  -0.40
95.70  -0.40
95.80  -0.47
95.90  -0.47
96.00  -0.47
96.10  -0.47
96.20  -0.47
96.30  -0.47
96.40  -0.40
96.50  -0.40
96.60  -0.40
96.70  -0.40
96.80  -0.40
96.90  -0.40
97.00  -0.40
97.10  -0.40
97.20  -0.40
97.30  -0.40
97.40  -0.47
97.50  -0.47
97.60  -0.40
97.70  -0.40
97.80  -0.47
97.90  -0.47
98.00  -0.40
98.10  -0.40
98.20  -0.40
98.30  -0.40
98.40  -0.40
98.50  -0.40
98.60  -0.47
98.70  -0.47
98.80  -0.47
98.90  -0.47
99.00  -0.40
99.10  -0.40
99.20  -0.47
99.30  -0.47
99.40  -0.40
99.50  -0.40
99.60  -0.40
99.70  -0.40
99.80  -0.40
99.90  -0.40
100.00  -0.33
100.10  -0.33
100.20  -0.33
100.30  -0.33
100.40  -0.33
100.50  -0.33
100.60  -0.33
100.70  -0.33
100.80  -0.33
100.90  -0.33
101.00  -0.25
101.10  -0.25
101.20  -0.18
101.30  -0.18
101.40  -0.18
101.50  -0.18
101.60  -0.11
101.70  -0.11
101.80  -0.04
101.90  -0.04
102.00  -0.04
102.10  -0.04
102.20  0.11
102.30  0.11
102.40  0.11
102.50  0.11
102.60  0.18
102.70  0.18
102.80  0.18
102.90  0.18
103.00  0.18
103.10  0.18
103.20  0.18
103.30  0.18
103.40  0.18
103.50  0.18
103.60  0.25
103.70  0.25
103.80  0.18
103.90  0.18
104.00  0.18
104.10  0.18
104.20  0.18
104.30  0.18
104.40  0.25
104.50  0.25
104.60  0.25
104.70  0.25
104.80  0.18
104.90  0.18
105.00  0.25
105.10  0.25
105.20  0.18
105.30  0.18
105.40  0.25
105.50  0.25
105.60  0.18
105.70  0.18
105.80  0.25
105.90  0.25
106.00  0.18
106.10  0.18
106.20  0.25
106.30  0.25
106.40  0.25
106.50  0.25
106.60  0.25
106.70  0.25
106.80  0.25
106.90  0.25
107.00  0.25
107.10  0.25
107.20  0.25
107.30  0.25
107.40  0.25
107.50  0.25
107.60  0.18
107.70  0.18
107.80  0.25
107.90  0.25
108.00  0.25
108.10  0.25
108.20  0.25
108.30  0.25
108.40  0.25
108.50  0.25
108.60  0.25
108.70  0.25
108.80  0.25
108.90  0.25
109.00  0.25
109.10  0.25
109.20  0.25
109.30  0.25
109.40  0.25
109.50  0.25
109.60  0.25
109.70  0.25
109.80  0.25
109.90  0.25
110.00  0.25
110.10  0.25
110.20  0.25
110.30  0.25
110.40  0.25
110.50  0.25
110.60  0.25
110.70  0.25
110.80  0.25
110.90  0.25
111.00  0.25
111.10  0.25
111.20  0.25
111.30  0.25
111.40  0.25
111.50  0.25
111.60  0.25
111.70  0.25
111.80  0.25
111.90  0.25
112.00  0.25
112.10  0.25
112.20  0.25
112.30  0.25
112.40  0.25
112.50  0.25
112.60  0.18
112.70  0.18
112.80  0.25
112.90  0.25
113.00  0.25
113.10  0.25
113.20  0.25
113.30  0.25
113.40  0.25
113.50  0.25
113.60  0.25
113.70  0.25
113.80  0.25
113.90  0.25
114.00  0.25
114.10  0.25
114.20  0.25
114.30  0.25
114.40  0.25
114.50  0.25
114.60  0.25
114.70  0.25
114.80  0.25
114.90  0.25
115.00  0.25
115.10  0.25
115.20  0.25
115.30  0.25
115.40  0.25
115.50  0.25
115.60  0.25
115.70  0.25
115.80  0.25
115.90  0.25
116.00  0.25
116.10  0.25
116.20  0.25
116.30  0.25
116.40  0.25
116.50  0.25
116.60  0.25
116.70  0.25
116.80  0.25
116.90  0.25
117.00  0.25
117.10  0.25
117.20  0.25
117.30  0.25
117.40  0.25
117.50  0.25
117.60  0.25
117.70  0.25
117.80  0.25
117.90  0.25
118.00  0.25
118.10  0.25
118.20  0.25
118.30  0.25
118.40  0.25
118.50  0.25
118.60  0.25
118.70  0.25
118.80  0.33
118.90  0.33
119.00  0.25
119.10  0.25
119.20  0.25
119.30  0.25
119.40  0.25
119.50  0.25
119.60  0.25
119.70  0.25
119.80  0.25
119.90  0.25
120.00  0.25
120.10  0.25
120.20  0.25
120.30  0.25
120.40  0.25
120.50  0.25
120.60  0.25
120.70  0.25
120.80  0.25
120.90  0.25
121.00  0.25
121.10  0.25
121.20  0.25
121.30  0.25
121.40  0.25
121.50  0.25
121.60  0.25
121.70  0.25
121.80  0.25
121.90  0.25
122.00  0.25
122.10  0.25
122.20  0.25
122.30  0.25
122.40  0.25
122.50  0.25
122.60  0.18
122.70  0.18
122.80  0.33
122.90  0.33
123.00  0.25
123.10  0.25
123.20  0.25
123.30  0.25
123.40  0.25
123.50  0.25
123.60  0.25
123.70  0.25
123.80  0.25
123.90  0.25
124.00  0.25
124.10  0.25
124.20  0.25
124.30  0.25
124.40  0.25
124.50  0.25
124.60  0.25
124.70  0.25
124.80  0.25
124.90  0.25
125.00  0.25
125.10  0.25
125.20  0.33
125.30  0.33
125.40  0.25
125.50  0.25
125.60  0.18
125.70  0.18
125.80  0.25
125.90  0.25
126.00  0.25
126.10  0.25
126.20  0.25
126.30  0.25
126.40  0.33
126.50  0.33
126.60  0.25
126.70  0.25
126.80  0.25
126.90  0.25
127.00  0.25
127.10  0.25
127.20  0.25
127.30  0.25
127.40  0.25
127.50  0.25
127.60  0.25
127.70  0.25
127.80  0.25
127.90  0.25
128.00  0.25
128.10  0.25
128.20  0.25
128.30  0.25
128.40  0.25
128.50  0.25
128.60  0.25
128.70  0.25
128.80  0.25
128.90  0.25
129.00  0.25
129.10  0.25
129.20  0.25
129.30  0.25
129.40  0.25
129.50  0.25
129.60  0.25
129.70  0.25
129.80  0.25
129.90  0.25
130.00  0.25
130.10  0.25
130.20  0.25
130.30  0.25
130.40  0.25
130.50  0.25
130.60  0.25
130.70  0.25
130.80  0.25
130.90  0.25
131.00  0.25
131.10  0.25
131.20  0.18
131.30  0.18
131.40  0.25
131.50  0.25
131.60  0.25
131.70  0.25
131.80  0.18
131.90  0.18
132.00  0.25
132.10  0.25
132.20  0.25
132.30  0.25
132.40  0.25
132.50  0.25
132.60  0.25
132.70  0.25
132.80  0.25
132.90  0.25
133.00  0.25
133.10  0.25
133.20  0.25
133.30  0.25
133.40  0.25
133.50  0.25
133.60  0.25
133.70  0.25
133.80  0.25
133.90  0.25
134.00  0.25
134.10  0.25
134.20  0.25
134.30  0.25
134.40  0.25
134.50  0.25
134.60  0.25
134.70  0.25
134.80  0.25
134.90  0.25
135.00  0.25
135.10  0.25
135.20  0.18
135.30  0.18
135.40  0.25
135.50  0.25
135.60  0.25
135.70  0.25
135.80  0.25
135.90  0.25
136.00  0.25
136.10  0.25
136.20  0.25
136.30  0.25
136.40  0.25
136.50  0.25
136.60  0.25
136.70  0.25
136.80  0.25
136.90  0.25
137.00  0.25
137.10  0.25
137.20  0.25
137.30  0.25
137.40  0.25
137.50  0.25
137.60  0.25
137.70  0.25
137.80  0.25
137.90  0.25
138.00  0.18
